10.6352515
000018.229
65.7979661
0002.52478
000064.396
0024.181
008.19249245
065.82822
000085.739
000090.51225
50.99004485
00051.795
0004.821468
027.449373
0041.7812
27.60695963
28.08454
89.7507265
039.220272
0009.74288
000050.607
023.5256
90.4104712
43.232644
000091.24089
51.3056597
00048.307
00083.824
009.27994637
00023.5122
0000018.163
00039.87505
034.57384
00028.5863
0000002.3999
0018.470473
0005.728133
32.6756305
93.77043696
28.5050212
000078.577
85.14401476
00094.2735
0094.02867
93.18093156
0081.067427
0064.01845
000019.838
45.9226194
0072.76424
22.67836
60.36327
0000053.9659
23.33726864
50.05239215
00037.270216
00057.9419
064.5759
054.0021
0004.5305699
0073.68436
0087.529
0016.499
000081.99
47.278495
0000097.752
00015.931
72.81221218
0000076.9338
0074.25099
53.740403
72.37751318
0000077.9324
037.3314
79.615406
0069.2400651
62.56713
7.137430645
0.5286054878
14.05221702
65.181163
036.1086058
097.16168
80.90018609
000045.154
033.29051
022.1159986
00087.2726
0067.589399
000041.54923
095.634255
00051.90311
27.5836937
00014.503458
000061.884
00008.6565
097.9173
47.8575683
76.01699107
78.21686
71.3700939
0007.1497706
030.01353
086.2850274
5.179233371
26.96893
4.8648487
051.1255
00022.9684
00089.04799
009.52279
076.0699463
58.0414437
055.0170773
000075.2486
0052.6844719
0043.5416644
00043.981
039.56284576
29.5803396
22.9695393
31.605428
00075.03667
25.7370328
0000011.785
22.7964409
00033.569
0058.1746
00032.17244
00066.424
00006.07612
00021.10014
1.067371963
64.971321
068.03166262
000042.69548
082.165682
042.830162
042.4000529
00079.89909
78.32977155
066.0586
79.8103139
0000089.32
021.73842634
0083.5140011
14.5348526
68.11159682
00000056.628
090.32441
0000050.413
064.8957
086.15955
0020.5336
040.2966
0098.9982737
00071.085334
00083.288939
000091.4831
0000028.544
00055.223
00000055.227
0035.2339
52.9159222
00075.744
40.79654318
00064.7322
002.40854301
70.93760819
00046.937
00061.029
65.3515524
000095.8754
0039.4220481
0073.623
000025.04375
082.99095
021.620263
000030.348
0056.026472
0000064.092
0000084.052
0004.134817
028.960683
0077.507
0041.909
0021.007685
00000024.908
0028.5644936
77.4744633
77.5494119
0001.2172107
00069.474
83.382994
91.0609989
0053.7119988
82.86500487
011.1482
41.1564538
0000031.842
020.08033
00061.33837
48.4289323
98.73677785
024.37017145
15.9838253
0000019.716
00021.127887
042.50876
000089.717
87.37588
00048.83348
00084.982445
0002.3361
9.288766
44.0749134
044.4648
00000018.682
000032.513
55.56959975
00000095.15
000002.6919
30.110697
28.2506181
91.08821412
98.801734
002.2401023
00003.412825
23.42404851
41.1433361
68.017347
67.351771
00073.40485
0053.05461
6.4026817
36.948915
00037.83911
40.08800888
34.3571768
00000088.341
0048.4855
0067.06217
34.762344
00059.602
0000058.917
000033.764
0000063.3165
0005.1909014
0007.498754
015.1190839
43.78648313
00000019.177
04.30381157
00089.51431
71.924657
000030.51422
15.6252197
95.4780275
000067.373
0089.909756
47.7854504
24.8559808
000016.3113
0081.5059711
28.29282484
86.673951
0000057.1309
00018.016063
000080.83109
36.4123493
00080.933693
032.48715298
000023.14655
38.77698764
0062.64108
36.90105
000091.94429
88.6960506
0077.159307
03.2299566
010.703831
000022.752
0084.924497
0041.175
0000043.6467
18.36773292
011.10726647
72.84932671
00000013.699
00028.382948
059.2140383
0050.1194
99.9871953
0057.340124
14.4289754
0016.97182
000041.8554
0014.469161
00093.345204
000079.04335
41.3106793
005.174163
00058.77903
056.3339664
073.3121527
62.2616761
91.62492659
24.22810122
60.738915
00057.95044
010.726122
00082.508
0061.2477
0086.1587
54.9840355
0019.3341
71.59183325
090.9029505
00092.035
18.645132
0093.1906935
00000090.672
0000058.6335
00073.84625
0022.086875
0045.939
0000096.3733
000.435455
37.82175954
024.2609
67.02514327
56.32115
27.65834
0081.65893
00090.7561
0073.341295
0071.695
92.74337505
13.5411363
0018.281
67.17585087
085.18871
0079.12896
052.1375
0016.362
000027.874
68.3822797
12.4876508
60.67183727
25.0239409
61.5415875
0070.9645195
000098.35133
00000069.949
49.39383
93.5735491
0092.6514
00009.028677
39.6350588
00089.884631
00058.7496
000088.76364
0080.3290496
00068.3483
84.34351277
00044.667902
37.335801
030.425351
015.9681
81.79088121
023.92347127
0079.262687
0018.8655
00023.95573
81.9375869
00078.7313
00077.867853
4.976833111
001.2291603
000004.9048
0011.4904264
048.4708
13.6412176
49.96898251
000025.77566
10.71503319
47.2050138
26.19558537
00093.962
99.688447
0079.2253468
00001.39814
0009.527707
90.8403392
087.85321699
0074.913
00008.912367
0000026.8023
000085.51376
00000096.824
000065.25609
00029.160453
83.76408096
011.637685
000092.41718
0000010.708
059.027911
0017.34376
25.68655173
0020.539
34.92299501
029.8514413
0034.209625
0094.173
000026.1077
95.9701213
048.862724
79.8499812
0000019.675
0061.804381
72.16293412
12.14826
41.82700132
079.8717284
004.67548
048.24702515
020.0962652
0094.92303
099.59249
0092.887954
000052.0233
63.5448524
95.1907048
006.2799
29.390557
0000087.3812
30.889259
049.22064333
0000031.0813
0055.14144
0027.3488
002.7683438
39.26597187
028.56049
0000000086.6
011.13102984
52.043103
0000000044.1
0001.629191
0097.7220115
0000084.901
84.16098004
00042.114
00097.06294
00000093.043
00000015.202
00022.6408
000008.2846
0064.4446796
61.12121077
0075.846239
97.8643126
00000016.566
83.8269029
17.96282
014.96619
0088.6482403
055.83661
55.6947166
00086.271969
11.09682272
00051.0068
026.16099
87.2858712
064.83968
025.9654
050.3045434
13.376536
048.21446
0080.6277
49.45267988
054.5942
000059.86469
052.17315613
38.941769
27.6880937
0068.768468
0044.22515
0061.9672718
00025.5693
0013.3243
000023.6746
80.67988641
64.35661791
26.82333809
00084.988284
0056.0648773
40.81017332
060.7046
0023.798068
