0097.7911617,
00000068.972,
      00091.541,
  00091.010184,
083.25235794
  00.96580298,
  037.3264513,
    32.8241765,
   00077.541651,
00095.153465
     58.1937867,
     29.75687,
00046.97794,
   7.695299315,
  0056.6861573
    0010.74109,
 048.918921,
0073.6108726,
   00012.377114,
 036.9634795
000055.713,
    80.885821,
000073.289,
    91.37945314,
      0000019.0721
 77.80027393,
  12.9913122,
      00041.60984,
    42.8741271,
    0024.1622
   57.2617352,
  00000082.727,
     24.25384,
 0070.5094,
     91.2035057
      3.07204202,
      00050.635,
   61.72572196,
006.0164176,
     00086.07679
      0000079.578,
  0000082.6835,
    00000034.049,
      40.0700384,
 00064.92115
  0053.48798,
      042.9846,
 00000083.267,
   000058.927,
   32.90007651
      074.26775462,
03.5433127,
      87.8507241,
0000020.8283,
0088.0964545
     62.37991,
     35.03612536,
   084.92449,
     0047.174626,
  060.84699784
    73.82498534,
    0024.4489,
     000021.681,
      0000040.3461,
    86.7301528
6.609963,
 11.5349518,
5.66562533,
    00070.8622,
 0046.5694
      48.4940503,
 000033.894,
      0000051.652,
      0030.1701,
    00097.317
92.82006257,
   000027.2001,
  24.87488339,
    00013.205,
008.68383
 0013.51136,
 75.6125341,
000052.4271,
 00013.228,
086.627229
 020.22177,
     16.709363,
37.24291904,
080.489767,
     0012.575016
001.807774,
      0058.5128155,
  0061.68026,
   009.7500935,
      005.65083
 70.84738,
      038.703381,
      00075.9257,
      059.299721,
065.242852
     54.792506,
0030.84395,
0000092.477,
    0097.7868717,
 074.4651
 0083.893,
  036.17936052,
 03.448558,
    28.0961199,
    0057.291
  0016.073,
000075.91519,
  0073.1978,
   00027.8243,
      47.49073594
 009.253783,
  084.94552729,
 84.3740548,
  000071.738,
 7.546030099
     14.33561317,
    0034.92647,
     21.8611677,
    0001.7456,
    00075.65387
      000015.76671,
   12.66248368,
     09.2934363,
    00023.52482,
078.39337
     21.9458538,
0070.6241,
  000070.8995,
2.19034238,
      035.9069
     001.1326,
0001.213786,
     35.02099513,
 014.0479,
     094.8678628
 0029.0370059,
 9.559831993,
   0000071.0293,
   0000097.425,
 000063.878
  00035.967,
 02.386159,
     0.783757,
   49.03762481,
 00070.214
 18.20288817,
  8.3782049,
  000084.2576,
   32.267547,
 0028.814
  032.993374,
 000025.046,
   000082.6,
0018.1202,
    074.04366
   0000057.18,
   5.02961415,
      0022.685,
   0000009.4769,
   86.33152084
    4.806954407,
   00023.5472,
065.3262659,
    033.2445614,
      91.310498
   00089.364966,
  00026.195023,
    00048.102,
      0000024.6557,
   70.90993847
086.4892515,
0099.75679,
00000006.061,
 26.00513,
00056.7008
0000011.478,
      58.267182,
     016.20788684,
54.392183,
 0094.26216
     049.218722,
      21.506225,
 035.0108,
      0081.6125,
      00026.986914
    042.755565,
 68.56998,
 00068.20795,
097.1515,
      019.3976
  46.834451,
0000033.6987,
63.40304116,
    000082.93984,
   00000070.708
   00000066.966,
 083.40694917,
     00000022.8,
  071.8433,
 018.866342
  28.434215,
 48.47333948,
     4.979678,
 0000013.827,
    084.57374485
  0012.91838,
     00058.8089,
   0078.234077,
   32.85604757,
      0013.7759
   11.56718477,
    0034.28435,
     025.53805,
  041.15236544,
    000086.608
 0003.1329,
      00084.133219,
      0000087.2147,
    000011.3191,
   44.9078014
 19.43309316,
      015.823139,
      0010.63837,
 0000023.1809,
 030.25833
 54.8504625,
000082.735,
34.2826206,
     0088.336,
     15.4250433
    88.79888246,
     05.62692,
 0091.847,
 00086.8008,
 0079.887092
      086.4587967,
    014.4793,
    0034.4656,
      087.768534,
  008.444188
 00076.789733,
    033.0003,
      0000091.8629,
    08.723309,
   075.858484
   15.3868939,
  98.02502326,
      76.60086159,
      00090.1747,
    69.263859
9.95802163,
  00046.1443,
   26.17332295,
 98.89207037,
  0078.9388
 00008.27754,
     0078.7895725,
71.565156,
   013.8244,
88.7148935
   018.205772,
  00000019.158,
 79.20579275,
     60.34052937,
   00071.861898
  0023.370211,
93.9031228,
    80.64162772,
   82.9475432,
   073.5119644
    084.80969,
     0064.7287139,
     000045.0799,
 0082.329791,
      0075.1705
      0059.79226,
     00000044.361,
      0010.7985317,
    0000027.152,
  00019.8696
  039.6202036,
    077.12236,
  0079.329767,
 71.71069572,
    00000018.182
  060.5722422,
   00000056.946,
     000016.645,
     00023.005924,
0042.18816
  012.92195,
     31.432357,
    000046.0216,
84.66206434,
    0042.088
   98.52735644,
   000087.0367,
   00060.32835,
    0008.9704,
      22.44932096
      98.26329,
0053.2158,
0041.462004,
   67.7863436,
00080.22733
097.025175,
53.148471,
00000062.56,
   0057.766242,
    0045.908649
   00000054.718,
   024.285046,
 73.026576,
    087.028362,
   017.6669073
      000090.887,
  000021.2721,
  0058.051,
   000071.716,
  9.7730911
    000060.677,
   49.7450064,
   00051.1679,
      0043.1633,
    071.179141
    0070.5889,
00043.1006,
   059.3399,
     000033.3,
  0066.1852129
 00011.88661,
      055.2248,
  85.6471634,
      000069.0547,
    79.95561291
   00053.28992,
 0008.6325843,
   0000071.2524,
 00000099.261,
   077.1281
      0073.081303,
      075.5978,
   024.2678438,
    00000097.285,
   64.00726868
0000055.0562,
     0000021.841,
      23.549187,
  081.7563,
0058.528744
    00024.048,
 00029.58065,
   043.69679,
  99.20962,
      0000053.626
      0066.281,
0000025.0295,
58.669724,
      0043.772497,
   0071.317458
 000063.728,
      073.42618,
   000003.1098,
     032.92602,
   3.32988971
 46.85340088,
     68.99524183,
     00000011.998,
   0070.8967285,
   000092.927
 051.319255,
  0000095.845,
    00091.773,
    88.7034142,
   00013.960048
066.652005,
    96.1829076,
005.09930297,
    46.16041455,
     94.37539
 000019.208,
  025.22186,
 0025.02861,
     0070.8178,
0025.9098622
  51.44653934,
  023.21679118,
28.03603989,
  000054.046,
  0030.82276
     000088.0854,
     75.584824,
 00084.108,
   000008.91771,
 000099.01103
   52.78714429,
      008.93927,
   18.87474719,
   48.415539,
 95.74704432
     000012.909,
      00000048.87,
     0081.893632,
00000033.11,
     0071.663176
  57.288755,
 0068.41667,
    033.3842382,
    00079.5116,
    0064.914
  0081.44064,
      00048.30293,
  094.4279,
 000057.8868,
   00012.26898
     044.779847,
      00055.8039,
  61.3120528,
 0015.464556,
      000095.41415
      54.31718622,
     0014.563629,
  000092.3144,
  0002.40116,
     26.8892628
      000033.90913,
  0025.316281,
07.23121406,
0053.132,
    65.5678952
      58.35283,
   0.41643934,
    42.33312408,
000058.0256,
 34.65221571
      0046.1702,
   94.3970782,
    0.662029447,
     4.9627043,
 000038.3245
    71.3093411,
      00047.045,
 064.12358735,
     57.592267,
   0040.092531
 0000046.562,
     76.462873,
 000038.14155,
00046.444,
   1.56731924
063.8966,
     000049.08104,
   58.31636165,
   61.66007847,
  90.442198
    42.10727944,
   033.9680534,
      000037.9283,
     77.3048901,
    13.9497593
31.8433463,
     71.594607,
000075.535,
      30.4545344,
   000029.43908
    000057.1064,
043.2675941,
000000081.31,
074.95319993,
     000065.7105
 34.13155,
    001.99517832,
    0010.1586,
      029.5996,
   077.6983
   080.8202061,
   91.6981966,
  60.10923461,
    0061.8053963,
  0030.377
   39.0742234,
   75.00458,
      00086.04444,
   00082.406,
   0000017.3291
      0001.1882,
     00097.28378,
  00014.9712,
  93.45746412,
 24.101945
    023.860278,
     00000096.379,
     0085.72028,
    0001.842577,
    42.929533
