    34.64679175     0.2881154008.520512 5.6669609   001.966019
 00071.240596.420734800000023.296      0055.068417      000063.69268
      0085.196801     000089.521   0038.6968588  13.74331793  14.60761964
     00071.224353   57.667287  00051.4995   29.020567     1.170659
1.574231    64.274401   0014.5113     074.32123680000016.3986
0000011.7626000088.8097    62.31497786 0000024.966    00058.442432
  21.84668508     000098.46264   41.34987058      34.23538415    064.1779487
      47.87626214   0000091.1279000013.0855  027.83224  92.223213
  26.1861905     54.73282137      0061.026    00000025.0276.76052699
     0060.6163508 25.0418464   0064.1244933   0058.4562392 071.40508
 000010.4192  00041.663748   040.7143070.3633     52.16270414
  00000042.29      00078.548571    83.138582400049.7126    17.4600726
      49.883226     30.2994263      000097.74 00070.125   0002.99331
67.10973189   058.51922881  000030.912   0006.69262 0005.6691459
  04.5060457      086.6928566      000020.0563 082.2647052  14.6500933
   037.536149 0008.105944   56.429519    0095.817     54.08640985
  024.09732831   000071.3504  0059.708024.187173   000075.7415
    0019.273      014.76867000090.09896     0000077.1814     0000076.5645
   00069.1408  035.865617470.2622633   050.9605000076.00127
0000046.3890042.959368    012.60097764     034.5764     25.4074002
     097.97959     00032.12151   23.4080081  16.58833609 47.266977
    00094.1153 095.6797158      00017.58429     0036.00151.8672061
00000090.876    00067.873066   74.92711213      048.056983  000070.91653
  83.15804985      0029.9101      021.621191     000022.36852.56923
  00.5663203      0000058.4 066.4296194177.804209     0000054.2098
04.68377     82.4935034      0000078.8019     051.88973     000080.997
 0079.364225      002.34913    00002.53749      000016.98813      00000027.126
16.8102262     62.32434 0000041.472     3.64503123   00083.174
035.4817062    00000017.308   35.38271414  038.54158      000051.3736
 89.06119134 00000027.915   48.24261060023.3677     0041.424
      00084.8335 018.73164965   54.24099080000033.089 056.035954
045.1084249.8666364      38.04321 087.585603      061.95881589
 0078.8182105   0076.2057    00078.4308     0003.67419   9.655401
     010.432289      16.782502 45.20931228  000069.88103  090.4430284
 04.44725     61.674248     53.83119175      61.2416860000002.9256
0031.2429591     007.1985   81.3452435   0000016.6688   0066.3079978
    54.9178249    0042.2818   0092.98375  000019.984      32.97246854
      0036.5368310000045.201      00091.23957   02.2024322   0000063.7019
 11.43329513     0081.6052      62.422418000018.401    082.6685
   000042.64079     00.636337145      000055.0859  1.012369     004.65759
    00000079.44657.99301903 0067.335      000038.903 53.2911084
  88.6043320000070.646 52.697996    32.63313982  35.1208788
      017.49127865 33.7910830.9266805    046.243109970096.1323746
     0026.477 000079.215      71.82056871      000054.3772700096.182373
    00040.63338   045.35315499    00045.805    04.993056   009.6861
      00041.7856      80.2810984 0000035.7886    0000011.3192 018.98116
    48.805219     000021.615     0000007.9091    0059.60237    050.2035
    76.99544  77.11359843      33.21502382   93.02309001  0000096.138
 14.86977581     0006.4985262  0016.109465.851981617.848072
   00036.26226   0000008.18400004.14289   00000099.971    028.42316289
     0003.54362   000074.20370000089.97 00072.0459   00057.044795
 058.134773    0000066.7828     067.855057 37.03544605   84.4184244
 40.48189    025.3292    0089.9296    20.4551786733.304118
 73.5594482501.05044093      041.0525061  0000070.203   000061.085
      73.31082556 8.872665319088.90456      46.414458   000074.63039
     00039.93759      000083.1764     00096.872   000033.19679     090.30107002
   0000075.6815    0000067.784200085.582  0055.0772022  00020.834
   0072.98435   28.31599779     000016.969  0063.083   35.78403
20.22735155     000016.313 87.91758621      5.136004307   034.54011255
      098.38175536  92.749886337.75075125   000067.43755  23.44046621
     0044.9130022.514      48.94219112     00096.97077 00063.3908
 96.99867139     000085.1935    094.0659338 0074.509 00095.4514
 017.10712   0000016.2855     16.24713581   40.49630328      042.07729
41.58711    0032.33151     0000042.3058  76.83819149 0073.7708
   000026.737 0037.7571828     0.280632527    032.8925267      0060.39825
    66.802819   000085.616    0061.1097456 000001.7939    018.6379
   00063.077  0066.290014     0091.350758    00071.646742034.46554
79.54449429 99.8563902   00084.3110080.96876    0019.377
00000094.053    39.8266011  87.98204    000041.2593  0001.3205
 0057.661     78.7844278  61.6479285    0086.506556   00003.91645
     000085.1886045.35660213  000026.599077.53105   000089.4178
     06.5362557      0000054.4368    00087.58104    066.42325093   85.51629821
     32.71190479   031.836552.427462000011.585200074.80913
     000093.542      0033.797746    0067.301      000087.175      40.55328582
000060.057940.88589611 05.92631711  0067.004518    029.3904
    00000090.504     59.255281 84.71717474    0091.757  96.228006
 000003.18882      00029.8953      54.72665482      18.01856922   00000048.501
000003.35833 0009.6207  000022.2143 00022.97273 030.17324
 1.58840451     28.95305883    037.557542247.5778092    000027.92211
      0052.9631759     68.050451550000030.3031   57.36195      31.2175325
    33.944317 00050.78206     000042.781  40.81352 000008.29498
    020.18501829  0041.856     0069.1986      024.3999     91.884204
000074.85798     03.31870782     00080.928     8.156285018   0000077.185
     00096.101  30.509172  00077.63047   68.51727931  0000097.2423
   0000068.5701   015.1648604  000096.6954     0078.686   075.30702
78.257688    86.14567  54.22968    00094.097273     000050.21477
    000075.763     049.112309   13.8750820500076.724     00076.22801
   99.992702    00044.23523.66163425 0000030.073  00072.6585
   69.4379255016.8227333366.91345075     0049.1697   25.52579778
   0048.063328      72.03466728     06.582739 00016.0659     68.51009958
   040.59724  95.32042833  0000025.0765  00095.8455      036.3010716
    44.07978537   58.12590491 88.21566 89.08190834  0088.2031677
00000096.039      00054.4117    18.8023357  0000038.7814      015.84212497
   0.79822908  0000071.52      043.913439    015.15169 0089.695557
092.28534000071.06033  00089.605 009.821743  00000074.367
      31.16781349    046.2543     46.8676807     000075.2673    0082.4236
   0054.541  26.542088     36.85388   0025.372    0024.5373
  064.644546   0016.43200075.651866 014.7314  004.6676
    00059.417004 29.9752272 0000013.807 00016.94473   0038.4917
     037.7980695 010.5169073.35902  83.6957466   0000003.5447
