# Distance Data
4.6494e+00
2.4431e+00
9.8858e+00
3.8150e+00
1.9378e+00
6.2015e+00
1.3300e+00
4.0557e+00
2.0731e+00
5.1809e+00
5.7787e+00
1.9356e+00
1.7120e-01
3.3657e+00
2.7775e+00
1.9125e+00
3.6940e+00
4.3006e+00
1.7204e+00
5.8126e+00
2.4101e+00
8.8926e+00
1.2613e+00
6.4130e+00
1.7810e+00
4.8396e+00
4.2939e+00
3.8128e+00
8.7273e+00
2.3796e+00
3.2454e+00
4.5595e+00
5.4018e+00
4.6779e+00
5.5685e+00
6.2345e+00
2.3815e+00
2.5238e+00
8.3145e+00
1.9490e-01
8.4817e+00
5.2308e+00
2.6754e+00
6.3040e+00
6.5300e+00
1.2019e+00
4.7174e+00
3.4782e+00
9.3605e+00
5.6971e+00
2.0831e+00
8.8401e+00
7.2827e+00
3.9832e+00
9.8838e+00
3.9487e+00
3.7672e+00
9.8496e+00
5.0968e+00
4.9083e+00
3.1610e+00
6.9044e+00
2.3112e+00
8.7931e+00
4.5967e+00
4.9968e+00
3.6163e+00
6.0505e+00
8.9120e+00
2.8634e+00
3.0490e-01
9.2845e+00
8.2335e+00
3.8585e+00
6.4402e+00
1.5494e+00
3.5737e+00
6.4317e+00
4.3897e+00
9.1059e+00
4.6085e+00
