# Distance Data
7.2952e+00
4.8190e+00
2.1002e+00
5.5270e+00
5.4356e+00
4.4087e+00
3.6486e+00
4.6738e+00
3.0642e+00
4.8940e+00
4.8036e+00
6.5152e+00
4.5307e+00
1.5615e+00
4.8288e+00
3.1202e+00
1.2506e+00
4.9994e+00
8.7343e+00
4.7833e+00
6.0578e+00
5.6840e+00
2.8892e+00
7.0559e+00
4.1893e+00
8.4650e+00
4.9346e+00
3.8963e+00
5.3916e+00
7.1384e+00
7.0050e-01
1.1312e+01
2.3392e+00
3.0315e+00
2.0163e+00
1.3962e+00
5.5419e+00
1.2115e+00
2.0423e+00
1.9922e+00
3.1992e+00
3.3990e+00
3.2935e+00
4.9161e+00
3.1157e+00
4.5590e+00
5.1303e+00
5.3950e+00
4.4611e+00
6.0394e+00
5.1826e+00
3.3091e+00
3.5915e+00
3.5972e+00
9.3320e-01
4.8565e+00
5.2057e+00
5.3786e+00
2.6338e+00
7.5387e+00
4.8213e+00
1.5363e+00
1.0782e+01
3.9319e+00
5.0423e+00
5.7486e+00
6.4109e+00
2.3675e+00
2.1228e+00
5.4738e+00
5.2142e+00
6.7876e+00
6.3786e+00
2.5953e+00
2.6274e+00
1.0229e+01
6.9063e+00
5.2387e+00
1.7012e+00
4.9398e+00
6.0286e+00
3.5690e+00
7.8172e+00
7.5083e+00
2.5098e+00
6.8140e+00
4.7806e+00
1.8240e+00
4.9998e+00
5.9630e+00
1.9889e+00
2.4877e+00
1.8684e+00
6.5854e+00
3.7435e+00
5.0114e+00
5.5990e+00
4.6860e+00
6.6867e+00
9.2957e+00
1.7132e+00
1.2123e+01
3.8794e+00
8.0372e+00
3.9380e+00
6.0734e+00
9.3813e+00
3.6967e+00
3.5104e+00
1.3884e+00
5.2580e-01
5.6729e+00
8.8574e+00
1.9522e+00
4.2228e+00
2.4878e+00
3.4537e+00
4.0955e+00
7.5681e+00
3.0632e+00
6.1792e+00
3.1090e+00
5.4811e+00
5.4224e+00
7.3939e+00
2.8711e+00
5.3458e+00
1.0746e+00
3.7015e+00
5.5353e+00
3.8840e-01
8.7955e+00
1.0141e+00
5.5138e+00
7.4650e+00
3.1858e+00
4.6553e+00
3.9085e+00
1.9772e+00
3.9927e+00
3.1471e+00
2.5947e+00
5.1694e+00
1.2747e+00
1.3165e+00
2.2201e+00
5.3334e+00
1.5900e-01
7.2756e+00
3.9776e+00
2.5969e+00
5.3873e+00
1.8568e+00
4.3217e+00
5.7587e+00
5.5161e+00
3.9605e+00
6.7587e+00
9.2478e+00
1.6900e+00
5.8183e+00
4.3154e+00
8.1674e+00
2.7538e+00
9.2238e+00
5.9974e+00
7.3677e+00
6.5715e+00
4.5307e+00
3.1513e+00
2.3940e+00
5.3871e+00
5.1728e+00
3.3294e+00
7.0040e+00
7.2741e+00
2.6550e-01
1.2001e+00
3.4583e+00
3.9097e+00
4.7631e+00
2.1529e+00
7.6290e+00
2.3826e+00
5.9491e+00
6.2822e+00
1.1236e+00
3.6393e+00
2.9048e+00
3.9930e-01
2.5973e+00
5.7843e+00
3.0475e+00
5.9434e+00
3.0552e+00
5.4797e+00
3.0534e+00
1.4527e+00
2.7931e+00
3.4771e+00
3.6496e+00
3.5459e+00
1.0598e+00
7.0770e-01
1.1814e+00
8.0312e+00
5.7473e+00
1.6856e+00
3.9530e+00
4.5068e+00
1.8187e+00
6.5572e+00
1.6826e+00
4.8351e+00
8.6342e+00
3.2311e+00
7.8098e+00
5.8537e+00
3.1913e+00
5.2245e+00
5.6032e+00
9.1082e+00
2.3590e+00
6.8670e-01
1.6482e+00
4.1745e+00
5.1140e+00
8.1461e+00
1.0249e+01
3.3534e+00
4.5930e+00
5.1435e+00
9.2430e-01
4.0613e+00
4.2116e+00
4.6358e+00
2.1597e+00
4.0439e+00
2.0900e+00
3.6186e+00
4.7906e+00
1.0471e+00
3.5970e+00
7.6141e+00
4.3469e+00
4.5168e+00
2.1452e+00
1.2200e+00
7.2860e+00
5.4058e+00
5.4932e+00
3.9547e+00
6.5926e+00
4.1162e+00
6.4661e+00
6.0780e-01
4.0743e+00
6.4243e+00
4.4730e+00
3.3614e+00
5.9780e+00
3.3353e+00
8.1018e+00
3.7632e+00
4.5377e+00
1.2321e+00
2.4367e+00
5.4718e+00
6.7380e+00
4.2452e+00
9.2486e+00
3.8126e+00
6.5071e+00
5.4690e+00
1.1300e+01
3.3019e+00
3.3461e+00
9.0850e-01
2.0205e+00
8.9812e+00
5.8811e+00
5.6192e+00
4.5633e+00
5.3791e+00
1.4035e+00
5.3706e+00
5.0734e+00
5.9417e+00
6.8956e+00
6.0057e+00
7.3983e+00
1.4392e+00
4.2967e+00
2.9771e+00
4.8711e+00
5.8953e+00
8.5209e+00
1.7003e+00
2.4805e+00
5.2279e+00
3.4973e+00
4.9228e+00
2.9437e+00
2.6418e+00
6.9391e+00
9.9550e+00
4.4488e+00
1.9508e+00
5.4206e+00
6.6561e+00
5.5197e+00
3.0920e-01
6.7829e+00
4.6744e+00
5.1660e+00
2.6457e+00
8.9558e+00
5.3428e+00
4.7630e+00
7.1088e+00
4.0337e+00
2.8733e+00
3.3160e+00
4.5323e+00
6.2523e+00
7.6320e-01
8.7927e+00
7.3397e+00
8.0990e-01
8.9097e+00
5.4067e+00
2.7265e+00
1.7292e+00
7.2501e+00
6.3605e+00
6.1760e+00
5.0788e+00
1.0534e+01
7.8120e-01
2.0306e+00
4.1430e+00
4.7755e+00
5.9396e+00
2.7777e+00
2.3446e+00
3.9457e+00
4.7422e+00
1.0915e+01
4.4246e+00
3.9429e+00
6.3945e+00
5.9840e+00
1.0223e+00
1.6360e+00
4.3437e+00
1.5565e+00
3.8347e+00
7.5156e+00
6.7638e+00
5.0078e+00
1.2403e+01
5.7058e+00
3.9367e+00
3.4977e+00
8.1460e+00
2.2864e+00
4.7610e-01
3.1806e+00
3.3291e+00
4.9902e+00
1.7372e+00
1.7300e+00
7.1065e+00
1.5729e+00
1.6379e+00
3.4352e+00
3.0740e+00
7.1356e+00
8.1270e+00
4.2660e+00
3.3248e+00
5.6202e+00
3.6412e+00
2.0366e+00
5.4423e+00
5.8463e+00
3.3732e+00
2.5108e+00
3.7192e+00
8.1902e+00
5.9676e+00
3.5687e+00
3.8897e+00
1.8349e+00
5.3661e+00
5.4764e+00
6.9926e+00
2.1965e+00
8.3739e+00
8.4038e+00
5.3763e+00
1.3720e+00
4.8885e+00
2.6683e+00
8.8360e-01
4.9711e+00
5.2587e+00
2.0356e+00
6.0813e+00
3.9796e+00
1.0316e+01
4.3492e+00
5.2742e+00
2.2982e+00
4.3745e+00
3.0709e+00
4.2890e+00
2.2073e+00
5.4734e+00
5.7784e+00
5.8430e+00
2.7445e+00
7.8997e+00
3.8352e+00
2.6005e+00
4.4540e-01
5.2088e+00
2.5315e+00
7.2405e+00
1.1120e+01
3.4982e+00
4.7152e+00
2.5982e+00
1.0405e+01
4.9542e+00
4.4721e+00
3.6229e+00
5.4934e+00
4.4420e+00
6.3460e+00
2.3267e+00
5.2033e+00
1.0000e+01
2.9758e+00
4.6809e+00
7.5712e+00
2.1429e+00
5.0576e+00
2.0284e+00
9.3646e+00
1.9016e+00
6.2971e+00
3.7743e+00
5.0555e+00
5.0323e+00
1.2740e+01
6.1749e+00
6.0195e+00
4.5201e+00
4.3598e+00
7.1139e+00
2.5070e+00
5.6112e+00
3.7258e+00
2.4729e+00
1.1476e+00
4.7237e+00
8.3563e+00
2.3891e+00
5.6526e+00
1.0630e+01
5.1370e-01
8.4175e+00
5.1191e+00
3.1786e+00
1.5724e+00
4.8462e+00
1.3482e+00
5.8968e+00
6.6429e+00
6.3806e+00
6.0103e+00
3.1222e+00
7.3594e+00
6.0199e+00
3.3430e+00
2.7206e+00
7.6268e+00
1.3673e+00
3.0453e+00
3.9061e+00
4.7745e+00
2.3287e+00
2.7362e+00
4.8115e+00
1.9467e+00
3.4608e+00
2.7854e+00
3.1545e+00
7.8548e+00
4.4993e+00
7.8440e-01
8.9881e+00
2.3096e+00
5.7678e+00
6.0001e+00
3.9643e+00
6.4888e+00
2.7142e+00
6.0559e+00
4.1592e+00
4.3585e+00
9.0214e+00
3.6669e+00
4.7328e+00
4.4251e+00
8.7120e-01
4.4844e+00
4.8418e+00
8.2330e+00
4.1947e+00
6.7874e+00
9.5313e+00
5.8024e+00
4.1816e+00
5.9333e+00
5.3657e+00
3.8849e+00
1.0279e+01
3.9266e+00
5.8266e+00
5.8077e+00
2.3022e+00
7.0021e+00
7.9730e+00
7.4482e+00
4.0066e+00
2.5293e+00
4.7319e+00
6.3198e+00
9.4778e+00
6.1307e+00
5.8199e+00
2.6225e+00
4.1756e+00
5.1576e+00
1.1631e+01
1.6492e+00
6.0251e+00
9.5910e+00
2.8557e+00
7.0610e-01
2.8192e+00
4.9699e+00
1.4471e+00
4.9261e+00
2.9654e+00
5.5678e+00
1.8284e+00
7.1990e+00
2.3610e+00
2.8298e+00
1.2205e+00
3.1972e+00
6.9102e+00
4.7728e+00
2.2484e+00
2.9150e+00
8.7444e+00
2.6854e+00
3.1523e+00
4.1788e+00
5.3561e+00
1.4311e+01
2.1205e+00
6.3607e+00
4.9534e+00
4.3739e+00
3.6930e+00
2.3415e+00
3.1164e+00
6.1410e-01
2.8712e+00
7.8605e+00
6.9715e+00
6.4481e+00
2.8543e+00
7.7696e+00
3.4340e+00
2.8555e+00
2.0609e+00
3.2355e+00
5.2003e+00
1.4808e+00
7.9067e+00
4.4729e+00
4.7760e+00
7.9040e+00
5.8544e+00
2.0527e+00
2.0814e+00
5.9413e+00
6.0403e+00
6.4640e-01
5.2127e+00
4.6129e+00
1.3816e+01
7.5263e+00
2.1650e+00
5.8238e+00
2.8926e+00
4.0678e+00
6.6341e+00
5.2976e+00
2.3513e+00
8.5899e+00
6.1181e+00
3.1025e+00
4.7423e+00
4.2536e+00
4.3975e+00
2.6561e+00
4.0469e+00
4.1289e+00
1.7424e+00
7.2984e+00
5.3296e+00
2.6945e+00
4.5594e+00
8.3755e+00
3.5953e+00
1.5680e+00
5.2368e+00
1.4513e+00
4.6582e+00
7.1754e+00
4.1795e+00
1.7758e+00
1.0342e+01
1.0573e+01
5.5267e+00
1.7130e+00
1.9021e+00
6.5036e+00
6.0733e+00
1.7888e+00
8.7883e+00
2.8051e+00
5.3213e+00
3.7509e+00
5.3181e+00
7.6610e+00
7.7980e-01
8.8146e+00
4.5845e+00
5.8799e+00
6.4051e+00
2.0199e+00
5.2840e-01
3.1737e+00
1.8299e+00
4.4891e+00
7.5001e+00
7.4980e+00
1.6280e+00
5.4484e+00
3.7746e+00
4.5009e+00
6.4673e+00
3.3639e+00
6.7268e+00
4.0553e+00
2.0325e+00
3.2790e+00
1.0500e+00
8.3792e+00
3.3194e+00
4.2030e+00
1.1318e+00
2.7290e+00
4.5941e+00
2.1467e+00
3.6203e+00
9.8180e+00
1.5939e+00
4.0070e+00
4.8600e+00
7.9117e+00
4.1719e+00
2.1103e+00
4.1877e+00
1.7353e+00
2.6212e+00
3.1153e+00
4.8900e+00
5.6021e+00
7.9319e+00
3.6927e+00
6.3663e+00
3.7994e+00
5.3364e+00
3.4747e+00
1.9399e+00
6.5508e+00
4.2700e+00
6.7951e+00
6.9413e+00
5.5049e+00
9.5637e+00
1.6806e+00
7.2420e-01
6.4730e-01
4.3217e+00
1.3113e+00
2.1257e+00
6.3490e+00
2.2272e+00
1.9323e+00
7.8151e+00
4.2473e+00
4.3571e+00
3.4599e+00
6.9643e+00
3.2956e+00
2.7222e+00
6.3200e+00
4.8126e+00
3.8932e+00
5.7169e+00
1.2973e+00
6.1506e+00
1.8574e+00
5.9831e+00
6.8291e+00
3.8563e+00
4.7786e+00
6.0896e+00
6.5734e+00
7.5404e+00
3.5771e+00
3.4807e+00
3.4892e+00
4.0871e+00
4.0624e+00
4.9971e+00
4.3324e+00
5.4287e+00
1.0620e+01
7.0350e+00
3.8763e+00
6.7991e+00
2.4783e+00
6.8069e+00
3.5582e+00
2.8167e+00
9.5938e+00
1.5526e+00
2.9320e+00
1.0233e+00
7.2329e+00
6.4610e+00
4.0731e+00
3.1785e+00
2.3318e+00
3.5180e+00
5.6430e+00
2.6089e+00
3.4727e+00
4.4881e+00
5.9665e+00
1.1069e+01
3.3685e+00
1.4843e+00
5.5943e+00
5.2857e+00
2.7500e+00
6.0196e+00
1.9542e+00
3.2411e+00
5.2525e+00
5.6337e+00
3.0111e+00
3.6204e+00
3.5524e+00
6.7896e+00
3.3982e+00
3.4413e+00
3.6926e+00
4.8175e+00
1.0886e+00
3.9985e+00
1.4900e+00
8.5237e+00
3.5670e-01
2.6804e+00
4.7296e+00
3.5567e+00
9.4700e-01
1.9870e-01
4.5799e+00
2.1376e+00
2.9778e+00
3.7999e+00
3.2814e+00
6.9785e+00
4.7834e+00
7.5647e+00
4.2410e+00
2.4006e+00
1.3891e+00
2.5787e+00
2.1833e+00
5.4581e+00
6.0016e+00
1.9021e+00
6.1420e+00
4.5225e+00
1.9541e+00
3.0951e+00
3.0680e+00
4.1807e+00
9.7926e+00
6.4803e+00
2.1151e+00
7.0791e+00
7.9565e+00
8.6896e+00
4.6846e+00
2.8516e+00
5.0727e+00
9.0123e+00
4.5017e+00
2.4572e+00
3.4707e+00
9.8223e+00
2.0434e+00
7.2047e+00
4.2513e+00
6.0068e+00
6.1871e+00
6.0923e+00
2.0945e+00
4.4510e+00
1.4258e+00
9.4373e+00
5.9855e+00
5.6620e+00
7.6780e+00
5.5836e+00
2.8201e+00
4.3670e+00
5.3412e+00
4.0612e+00
9.1623e+00
3.8676e+00
6.3246e+00
2.4345e+00
3.2023e+00
5.5740e-01
3.1755e+00
5.9660e+00
3.2928e+00
9.3717e+00
6.9539e+00
2.4048e+00
7.8562e+00
1.6291e+00
5.3939e+00
4.7516e+00
1.1501e+00
2.4990e+00
4.4501e+00
7.9155e+00
1.1446e+00
5.7880e+00
2.8398e+00
6.7534e+00
8.8410e-01
2.4701e+00
5.0016e+00
2.8611e+00
5.0779e+00
8.3374e+00
3.6413e+00
2.8855e+00
5.8418e+00
3.6752e+00
3.7066e+00
3.3375e+00
4.9441e+00
5.3620e+00
4.4855e+00
7.0276e+00
9.8138e+00
5.4458e+00
4.6545e+00
6.5151e+00
5.6596e+00
2.8615e+00
4.3884e+00
8.8431e+00
3.7503e+00
7.0697e+00
3.9486e+00
4.5426e+00
8.3656e+00
4.8324e+00
4.3408e+00
4.6138e+00
5.0696e+00
8.1094e+00
5.5200e+00
4.8115e+00
5.4888e+00
7.1280e+00
1.3108e+00
1.5059e+00
5.9158e+00
6.4993e+00
7.2361e+00
7.0480e-01
3.1496e+00
1.8854e+01
9.0045e+00
4.2159e+00
2.4916e+00
4.5910e+00
4.1196e+00
2.1969e+00
4.7640e-01
4.4669e+00
4.0087e+00
6.0269e+00
6.9302e+00
4.2133e+00
4.6070e+00
9.9090e-01
2.7689e+00
6.5193e+00
8.1890e-01
4.7624e+00
2.8200e+00
2.0738e+00
2.7663e+00
2.2232e+00
3.7276e+00
3.5512e+00
1.8857e+00
9.6318e+00
6.6131e+00
1.5463e+00
4.1409e+00
2.2808e+00
2.0093e+00
8.5269e+00
4.8227e+00
8.9549e+00
7.0553e+00
2.7961e+00
9.2915e+00
5.0515e+00
2.9858e+00
3.8886e+00
5.3218e+00
1.7084e+01
4.0741e+00
5.8173e+00
2.5723e+00
2.2443e+00
6.7039e+00
1.5784e+00
9.0763e+00
3.5207e+00
2.6450e+00
2.1334e+00
9.2938e+00
1.2216e+01
5.2237e+00
2.3022e+00
4.0263e+00
9.6443e+00
1.8328e+00
2.0733e+00
8.9516e+00
1.5005e+00
4.5208e+00
3.9540e+00
5.2830e+00
8.1948e+00
3.3305e+00
2.5141e+00
9.5410e-01
4.7012e+00
5.5574e+00
6.3185e+00
3.7639e+00
6.5862e+00
2.0797e+00
7.0863e+00
6.5125e+00
7.1815e+00
7.2047e+00
4.6658e+00
5.7474e+00
1.8169e+00
8.2500e+00
1.5519e+00
4.2042e+00
6.2820e+00
6.9815e+00
1.1434e+00
8.4084e+00
1.1018e+00
1.4856e+00
3.0324e+00
1.0532e+01
7.3675e+00
5.2369e+00
5.1816e+00
8.4968e+00
5.7102e+00
3.0747e+00
3.0783e+00
1.9546e+00
3.2913e+00
2.5637e+00
4.6819e+00
4.8431e+00
6.3415e+00
1.3444e+00
5.3296e+00
3.5884e+00
2.6530e-01
7.4220e-01
7.5750e+00
3.3729e+00
6.6383e+00
1.0647e+01
4.3569e+00
4.4750e+00
2.8066e+00
3.2185e+00
1.1280e+00
4.5865e+00
4.9100e+00
4.1635e+00
3.5783e+00
2.1409e+00
3.5255e+00
8.5947e+00
3.7195e+00
7.5156e+00
6.5485e+00
4.6045e+00
8.1014e+00
3.0784e+00
9.0527e+00
3.8600e+00
7.5218e+00
6.2569e+00
4.9929e+00
4.0319e+00
1.0652e+01
1.1316e+00
4.1112e+00
4.3971e+00
3.7713e+00
5.0786e+00
2.9847e+00
6.0474e+00
5.0879e+00
2.7533e+00
5.3802e+00
4.8815e+00
1.2728e+00
2.1435e+00
2.1587e+00
7.2631e+00
3.6546e+00
4.4438e+00
3.6936e+00
8.7655e+00
5.1647e+00
2.1068e+00
6.2753e+00
7.3337e+00
9.5921e+00
4.4889e+00
7.2798e+00
3.2485e+00
2.5604e+00
1.1243e+00
8.9380e-01
2.1212e+00
1.6690e+00
2.2321e+00
7.5612e+00
2.0881e+00
7.7163e+00
3.6100e+00
9.5730e+00
1.3957e+00
7.9340e+00
5.0786e+00
5.3116e+00
2.9018e+00
2.4737e+00
1.4636e+00
4.5251e+00
6.2781e+00
5.3933e+00
1.4346e+00
3.7235e+00
1.8848e+00
2.9028e+00
2.9117e+00
3.1138e+00
4.5068e+00
4.2735e+00
4.1496e+00
4.0227e+00
4.8460e+00
8.5410e+00
8.2041e+00
1.3837e+00
9.0670e+00
1.7854e+00
6.8685e+00
7.4054e+00
4.6800e+00
1.6167e+00
1.0563e+01
4.1883e+00
8.7605e+00
4.2319e+00
3.1623e+00
4.4329e+00
3.2640e+00
4.0284e+00
4.0461e+00
3.8512e+00
3.1243e+00
8.8735e+00
7.5059e+00
4.9462e+00
4.0540e-01
1.2221e+01
5.3052e+00
1.1430e+01
1.1132e+01
8.9190e-01
1.6190e-01
4.4273e+00
3.5830e+00
1.0964e+01
7.2040e-01
6.1374e+00
6.9050e-01
2.8664e+00
3.2574e+00
3.2161e+00
4.9073e+00
9.2600e+00
4.7989e+00
2.0866e+00
8.0032e+00
3.8480e+00
4.7550e-01
1.8901e+00
2.5270e+00
3.0872e+00
3.7281e+00
5.8632e+00
5.3459e+00
3.1618e+00
7.3118e+00
4.4252e+00
4.5570e+00
5.8782e+00
2.5473e+00
5.0920e+00
1.1899e+01
5.6418e+00
9.9927e+00
2.6709e+00
3.4403e+00
3.3995e+00
6.0634e+00
7.3834e+00
6.2940e+00
5.0525e+00
5.3113e+00
5.9363e+00
6.5799e+00
1.2671e+00
2.4727e+00
2.9412e+00
4.7574e+00
4.4773e+00
8.4168e+00
7.1525e+00
5.0537e+00
3.4164e+00
1.8131e+00
6.0101e+00
3.6316e+00
6.0883e+00
7.2573e+00
4.4646e+00
2.8637e+00
5.0109e+00
4.6465e+00
8.3888e+00
2.2225e+00
7.4158e+00
3.9773e+00
4.4350e-01
5.8850e-01
5.3675e+00
2.3969e+00
4.2144e+00
6.8395e+00
2.4397e+00
2.0961e+00
4.9478e+00
4.2623e+00
9.2644e+00
3.6986e+00
5.7552e+00
7.3075e+00
3.9240e+00
6.2569e+00
5.0418e+00
5.0538e+00
3.1576e+00
6.5867e+00
2.8719e+00
2.9533e+00
4.7006e+00
8.3431e+00
4.8549e+00
3.6106e+00
5.9000e-01
4.6570e+00
3.9202e+00
6.6685e+00
