28.547 16.539 14.493 14.390 19.511
28.077 29.126 27.576 28.419 22.538
14.738 18.412 17.145 18.431 18.354
31.254 33.403 20.752 16.784 35.875
17.058 27.567 29.906 27.134 17.469
22.961 16.124 25.691 13.690 28.635
15.703 15.086 34.453 35.144 15.006
21.390 29.957 22.771 23.819 23.995
10.985 18.372 24.985 36.078 16.982
32.231 16.592 14.655 19.141 33.593
12.100 16.282 12.172 28.836 16.087
26.505 30.623 35.964 16.080 14.297
17.435 20.465 11.043 35.397 14.909
11.216 23.343 13.359 26.385 32.890
35.861 13.312 11.878 33.980 30.964
30.511 17.034 21.791 19.159 13.904
33.738 20.909 35.823 32.884 13.698
10.850 19.798 16.884 28.986 17.294
25.646 25.520 20.886 16.823 24.626
11.524 21.738 23.994 13.643 23.623
36.163 30.839 21.560 30.030 26.086
13.418 30.199 22.798 10.712 22.102
28.760 34.959 23.143 28.747 15.365
35.683 25.726 22.238 35.398 17.915
13.064 30.830 19.959 17.991 12.994
34.289 18.347 30.625 21.769 16.929
28.314 12.306 32.077 34.098 22.967
27.714 19.961 28.557 11.877 11.401
14.908 33.704 16.185 10.970 34.493
32.772 11.428 13.880 26.694 19.972
33.702 15.022 16.131 35.943 24.824
21.131 27.365 33.848 32.496 26.482
12.343 23.589 30.153 14.689 13.326
12.401 17.807 15.181 28.576 15.639
29.091 22.754 31.706 33.677 30.096
27.344 19.204 33.204 21.272 12.281
20.071 26.531 13.788 34.375 24.531
20.835 22.692 16.094 33.661 21.119
29.199 13.227 14.535 14.217 31.720
22.226 20.140 18.795 18.199 21.249
29.835 14.235 35.992 21.705 22.552
17.391 13.347 35.487 15.855 11.078
11.563 22.679 22.116 34.179 35.585
25.721 31.221 16.506 16.694 25.878
23.532 34.630 12.280 32.264 30.405
16.111 28.499 33.527 35.698 23.005
27.952 32.245 27.174 26.366 34.831
13.001 27.292 27.847 29.667 15.562
18.089 10.711 35.498 25.327 24.929
29.840 30.353 26.539 19.821 25.028
32.635 22.411 20.857 27.248 22.191
25.248 17.222 32.943 26.411 16.374
28.048 32.054 21.274 13.606 33.155
27.634 24.597 29.212 32.252 23.302
22.822 11.925 21.915 19.634 35.558
20.173 31.631 30.932 29.632 25.602
26.148 32.076 31.316 28.352 22.502
16.321 23.651 31.471 30.338 25.876
11.081 12.057 17.589 12.195 35.557
22.892 14.117 16.243 14.705 31.027
30.778 24.999 31.110 15.440 30.460
16.730 14.157 25.205 18.059 29.265
25.896 27.781 16.886 31.853 32.981
13.372 18.525 15.080 31.510 14.541
28.632 19.137 11.304 19.115 31.458
20.583 26.028 18.876 22.950 20.523
16.341 25.543 13.273 17.598 33.842
35.294 33.981 12.161 22.202 15.230
23.026 21.853 27.536 25.233 17.402
15.894 15.921 29.542 30.862 12.527
11.838 31.246 20.037 30.505 20.524
18.109 26.823 34.028 19.611 19.099
12.258 11.320 20.062 26.392 23.655
35.453 23.955 29.017 30.498 22.993
28.912 25.258 34.449 17.862 22.293
24.016 21.892 30.316 15.191 20.249
28.765 26.170 30.120 22.749 26.263
28.284 34.515 15.320 22.288 19.611
35.643 28.391 33.501 19.700 19.994
30.507 32.504 35.801 34.371 15.941
28.904 28.837 30.993 28.442 21.694
14.590 15.997 33.186 29.544 21.382
20.850 26.098 26.441 35.383 34.006
12.023 29.323 20.629 32.360 23.826
12.204 24.139 35.477 22.206 25.019
15.036 32.209 28.692 33.929 11.875
17.666 12.859 22.616 15.074 14.955
17.986 22.476 14.470 29.876 28.484
14.674 31.177 36.127 17.734 24.357
36.072 33.611 13.923 24.872 22.217
21.835 11.781 11.276 20.714 25.359
32.637 19.059 15.919 27.420 12.976
26.165 25.787 16.393 35.994 27.056
14.920 31.394 34.339 25.111 26.851
33.235 33.581 27.908 29.683 19.345
36.007 27.402 12.939 11.793 10.916
18.012 20.468 27.118 22.046 21.091
24.787 17.381 17.232 15.542 24.335
20.189 15.261 24.784 25.973 23.442
36.107 33.074 24.713 10.719 32.360
